reso 300
limit 500
dist 10

8.230974 52.631579
8.450886 23.809524
8.670797 21.739130
8.890709 22.222222
9.110620 23.809524
9.330532 25.000000
9.550444 26.315789
9.770355 24.390244
9.990267 23.255814
10.210178 21.276596
10.430090 20.833333
10.650002 19.607843
10.869913 20.408163
11.089825 19.607843
11.309736 20.408163
11.529648 20.408163
11.749559 20.000000
11.969471 21.739130
12.189383 23.255814
12.409294 27.777778
12.629206 31.250000
12.849117 28.571429
13.069029 27.027027
13.288940 20.833333
13.508852 23.809524
13.728764 21.739130
13.948675 24.390244
