reso 300
limit 50
dist 10

8.230974 1000.000000
8.450886 166.666667
8.670797 142.857143
8.890709 166.666667
9.110620 166.666667
9.330532 166.666667
9.550444 200.000000
9.770355 166.666667
9.990267 166.666667
10.210178 142.857143
10.430090 166.666667
10.650002 142.857143
10.869913 142.857143
11.089825 142.857143
11.309736 142.857143
11.529648 142.857143
11.749559 142.857143
11.969471 142.857143
12.189383 166.666667
12.409294 200.000000
12.629206 200.000000
12.849117 200.000000
13.069029 200.000000
13.288940 200.000000
13.508852 166.666667
13.728764 166.666667
13.948675 200.000000
