125.000000
125.000000
166.666667
166.666667
166.666667
125.000000
125.000000
111.111111
111.111111
125.000000
111.111111
111.111111
142.857143
166.666667
142.857143
166.666667
125.000000
111.111111
111.111111
111.111111
100.000000
111.111111
125.000000
142.857143
142.857143
142.857143
142.857143
125.000000
111.111111
100.000000
166.666667
166.666667
125.000000
111.111111
100.000000
100.000000
111.111111
142.857143
142.857143
166.666667
142.857143
111.111111
100.000000
100.000000
90.909091
111.111111
142.857143
142.857143
142.857143
142.857143
125.000000
